../../.git/annex/objects/mj/65/MD5E-s2967312--6ea2c9a522302df4594c9a13d6ba61b4.tsv/MD5E-s2967312--6ea2c9a522302df4594c9a13d6ba61b4.tsv