../../.git/annex/objects/Z9/4k/MD5E-s2965350--91cdef410260d6d34e6b7b024125a542.tsv/MD5E-s2965350--91cdef410260d6d34e6b7b024125a542.tsv